image_width: 640
image_height: 480
camera_name: camerav2_640x480
camera_matrix:
  rows: 3
  cols: 3
  data: [724.7065317897147, 0, 329.1544084760975, 0, 723.9111589306867, 222.2659871640654, 0, 0, 1]
distortion_model: plumb_bob
distortion_coefficients:
  rows: 1
  cols: 5
  data: [-0.425024653765871, 0.2275022820178016, -0.0009324566898835676, 0.002125165132523941, 0]
rectification_matrix:
  rows: 3
  cols: 3
  data: [1, 0, 0, 0, 1, 0, 0, 0, 1]
projection_matrix:
  rows: 3
  cols: 4
  data: [661.0226440429688, 0, 332.2321572900546, 0, 0, 688.1121215820312, 220.1584891049697, 0, 0, 0, 1, 0]